62.02
60.07
63.54
66.99
67.07
67.71
68.99
69.45
66.88
68.89
69.21
69.46
60.45
59.78
57.52
58.3
59.41
59.28
59.49
61.75
61.4
62.44
62.58
64.27
63.44
61.5
61.16
62.57
62.36
61.63
60.75
61.58
61.13
60.51
58.25
58.94
59.75
59.57
62.95
63.98
58.96
57.07
55.31
55.25
55.32
56.83
58.18
56.67
57.79
57.99
55.09
53.9
53.49
54.72
54.8
52.91
52.08
53.55
54.97
55.72
55.97
57.84
57.18
58.36
53.56
54.99
54.64
54.46
55.21
53.68
53.54
53.28
54.67
54.25
54.65
52.55
52.78
51.73
49.53
47.03
48.29
47.74
46.8
48.82
51.01
51.07
49.41
48.97
48.4
47.9
45.4
46.46
46.39
45.67
42.21
41.07
41.02
38.55
39.1
38.13
37.74
37.97
37.64
37.03
35.79
38.72
39.32
41.19
40.9
42.58
43.42
41.85
42.78
42.98
45.01
44.95
45.29
43.92
44.37
44.73
43.95
43.85
44.57
44.69
45.43
44.91
46.98
46.62
46.07
46.01
47.78
47.72
49.02
50.7
50.48
50.97
50.71
51.64
51.14
52.03
52.98
45.76
45.61
47.15
48.45
48.32
46.77
46.87
45.66
46.15
46.68
47.66
47
45.8
47
43.92
43.13
43.99
45.37
45.17
44.17
44.43
42.28
43
42.82
43.12
44.34
45.12
45
44.14
45.92
45.49
46.36
47.11
49.42
49.17
49.04
48.56
48.96
48.7
49.32
48.12
48.25
44.64
45.74
48.51
48.43
48.17
48.94
48.63
46.61
46.29
47.54
48.01
48.91
48.95
49.58
51.39
51.58
51.95
52.39
51.39
50.7
51.12
50.94
59.94
65.63
65.54
63.24
63
62.98
62.66
63.49
63.44
65.32
67.11
67.43
69.02
69.99
69.22
69.87
70.43
70
71.9
70.44
70.97
66.61
67.27
65.78
66.26
65.99
66.97
67.24
66.61
66.07
67.18
67.91
69.77
70.54
71.94
71.68
72.3
75.8
78.63
80.81
81.12
83.84
85.05
86.19
86.08